  
  
       fac1 =    1.00000000000000     
       fac2 =    1.00000000000000     
       fac3 =    1.00000000000000     
       fac4 =    1.00000000000000     
       fac5 =    1.00000000000000     
       fac6 =    1.00000000000000     
       fac7 =    1.00000000000000     
       fac8 =    1.00000000000000     
  
      If you want to change the factors,
      change this source program. 
  
